[{"id": 0, "img_name": "20240212_003919", "width": 3958, "height": 2968, "position": [-2.0239410600999292, 1.5094239986550113, -3.171810618383385], "rotation": [[0.9819373596869244, -0.014488751527988035, 0.18865072947177317], [0.03627125566758876, 0.9929860361929528, -0.11253056446185887], [-0.1856971126952929, 0.11734056419230475, 0.9755756117962684]], "fy": 3276.9157129770406, "fx": 3276.9157129770406}, {"id": 1, "img_name": "20240212_003920", "width": 3958, "height": 2968, "position": [-1.250225439811586, 1.1735938504527137, -3.0061136586201207], "rotation": [[0.9936428890621407, 0.04473112055434512, 0.10330990209169201], [-0.03959392839589139, 0.9979005017056821, -0.05125338554406699], [-0.10538562449605433, 0.046837117220217474, 0.9933278182956905]], "fy": 3276.9157129770406, "fx": 3276.9157129770406}, {"id": 2, "img_name": "20240212_003921", "width": 3958, "height": 2968, "position": [-0.821417060653389, 0.8047019779292808, -2.851204009054], "rotation": [[0.994377381780632, 0.10589072234494973, -0.0008817734176835221], [-0.10569644453273287, 0.9929930799634249, 0.05284888606101561], [0.006471801621982325, -0.05245853663624302, 0.9986021318411801]], "fy": 3276.9157129770406, "fx": 3276.9157129770406}, {"id": 3, "img_name": "20240212_003922", "width": 3958, "height": 2968, "position": [-0.04553378841462749, 0.5557314817643774, -2.5005590601045853], "rotation": [[0.9629854207557691, 0.24178696946774525, -0.11915595162407089], [-0.2343949936507104, 0.9694130572363558, 0.072782631246371], [0.13310922719074636, -0.04215905425013009, 0.9902042959821055]], "fy": 3276.9157129770406, "fx": 3276.9157129770406}, {"id": 4, "img_name": "20240212_003923", "width": 3958, "height": 2968, "position": [0.5138410060590753, 0.2467811825417468, -2.1509975079603554], "rotation": [[0.9254322189465608, 0.28777390894931365, -0.2464982463703881], [-0.260053255951912, 0.9555100490885405, 0.13918638640191827], [0.2755857619770183, -0.06470489486002468, 0.9590963269540235]], "fy": 3276.9157129770406, "fx": 3276.9157129770406}, {"id": 5, "img_name": "20240212_003924", "width": 3958, "height": 2968, "position": [1.0252186583629246, 0.16355203522668407, -1.9522412588760547], "rotation": [[0.8736453101705411, 0.3779713483485952, -0.30640093316529515], [-0.32996093548995636, 0.9230349013824879, 0.19781898766400996], [0.35758866462405053, -0.07172329229313003, 0.9311208924060412]], "fy": 3276.9157129770406, "fx": 3276.9157129770406}, {"id": 6, "img_name": "20240212_003925", "width": 3958, "height": 2968, "position": [1.658943551653146, -0.04829222100638849, -1.76334234668566], "rotation": [[0.784750109690467, 0.4273757314006594, -0.44890672700523376], [-0.3621075844807665, 0.9039320201682371, 0.22756317842760546], [0.5030361444293091, -0.01602769865954259, 0.8641167457429431]], "fy": 3276.9157129770406, "fx": 3276.9157129770406}, {"id": 7, "img_name": "20240212_003926", "width": 3958, "height": 2968, "position": [2.2178349108531417, -0.20265196284645662, -1.4628942355052676], "rotation": [[0.7081128477669237, 0.4935614072659293, -0.5049488410572828], [-0.41729487910661534, 0.8693975439013134, 0.2645994983550783], [0.5695973829810078, 0.023346261286110486, 0.8215922184302549]], "fy": 3276.9157129770406, "fx": 3276.9157129770406}, {"id": 8, "img_name": "20240212_003927", "width": 3958, "height": 2968, "position": [2.979520019515693, -0.45804633753114393, -0.9063741072976031], "rotation": [[0.5320834930477351, 0.5649237264358169, -0.6306729261162167], [-0.4786651194835383, 0.8151132624389763, 0.32629752188133215], [0.6984030783264995, 0.1282636063190127, 0.7041175949215517]], "fy": 3276.9157129770406, "fx": 3276.9157129770406}, {"id": 9, "img_name": "20240212_003928", "width": 3958, "height": 2968, "position": [3.454964836813891, -0.7715562583625325, -0.2714723954220532], "rotation": [[0.4600075536055878, 0.49485932572426333, -0.7372294747020968], [-0.44172307880885836, 0.8477992182253492, 0.29345733458905], [0.7702426710286993, 0.19065868278212228, 0.6085848292607701]], "fy": 3276.9157129770406, "fx": 3276.9157129770406}, {"id": 10, "img_name": "20240212_003930", "width": 3958, "height": 2968, "position": [3.8537161747291666, -1.0653928339588563, 0.2232591248932714], "rotation": [[0.3094743243957629, 0.5443568426004891, -0.7796802360287277], [-0.46541604639602285, 0.8017204055929791, 0.37500972655775777], [0.8292246657552351, 0.24681981113730653, 0.501464290386926]], "fy": 3276.9157129770406, "fx": 3276.9157129770406}, {"id": 11, "img_name": "20240212_003931", "width": 3958, "height": 2968, "position": [4.133134024019207, -1.3916270249682703, 0.7975571571424321], "rotation": [[0.1332011335437794, 0.5731503921793042, -0.8085518449471016], [-0.47238643378047773, 0.753905830313634, 0.45659287795504716], [0.8712683370826776, 0.32113023364955834, 0.371169580964504]], "fy": 3276.9157129770406, "fx": 3276.9157129770406}, {"id": 12, "img_name": "20240212_003932", "width": 3958, "height": 2968, "position": [4.049077044256454, -1.5405679573648499, 1.2337352143532292], "rotation": [[0.057074011112244846, 0.6159346650872966, -0.785727080861643], [-0.4810102675601254, 0.7066085543091694, 0.5189734805159529], [0.8748552335999914, 0.3483228952005675, 0.33659988253384565]], "fy": 3276.9157129770406, "fx": 3276.9157129770406}, {"id": 13, "img_name": "20240212_003933", "width": 3958, "height": 2968, "position": [3.989248906904841, -1.936946947055335, 2.0674253180563125], "rotation": [[-0.12466140951800658, 0.6024129155633048, -0.7883896321867144], [-0.4670840025988507, 0.6654051817446937, 0.5822958686299843], [0.8753810984326889, 0.440834008749132, 0.19842708796167297]], "fy": 3276.9157129770406, "fx": 3276.9157129770406}, {"id": 14, "img_name": "20240212_003934", "width": 3958, "height": 2968, "position": [3.7384009645879623, -2.1665854789414145, 2.5998051199089396], "rotation": [[-0.24239192510857513, 0.6133616182645124, -0.7516872221091011], [-0.4217561656072118, 0.6311334787269511, 0.6509932939764581], [0.8737092716770612, 0.4748242382923975, 0.10570738534077759]], "fy": 3276.9157129770406, "fx": 3276.9157129770406}, {"id": 15, "img_name": "20240212_003935", "width": 3958, "height": 2968, "position": [3.631540442263419, -2.3561189683517134, 2.873586000481412], "rotation": [[-0.2907714443045203, 0.5753876473561647, -0.7644481816624337], [-0.42140824815912536, 0.6402854006851306, 0.642222464612488], [0.8589918832914083, 0.5088847226429769, 0.05629638976044801]], "fy": 3276.9157129770406, "fx": 3276.9157129770406}, {"id": 16, "img_name": "20240212_003936", "width": 3958, "height": 2968, "position": [3.667038693545817, -1.6582160916191708, 2.6183069743805443], "rotation": [[-0.1914757500424703, 0.5716159529624332, -0.7978673069279898], [-0.3861452618176258, 0.7034804755557824, 0.5966632695981942], [0.9023463159571665, 0.4223392271985396, 0.08602734011853337]], "fy": 3276.9157129770406, "fx": 3276.9157129770406}, {"id": 17, "img_name": "20240212_003937", "width": 3958, "height": 2968, "position": [3.702852495055798, -1.1290807843330106, 2.1836110993075852], "rotation": [[0.018312348383654142, 0.5303028111965873, -0.847610515704986], [-0.39925943450114515, 0.7811056790354284, 0.4800685598333094], [0.916655094274014, 0.3296253124618901, 0.22603227983166452]], "fy": 3276.9157129770406, "fx": 3276.9157129770406}, {"id": 18, "img_name": "20240212_003939", "width": 3958, "height": 2968, "position": [3.2054190670625213, -0.8444360051299289, 3.09526579440387], "rotation": [[-0.18035535359994528, 0.5320830432483818, -0.8272602864367293], [-0.3904698024447532, 0.7332099244661467, 0.556719444642544], [0.9027764284730712, 0.4234274929098108, 0.07552402559131767]], "fy": 3276.9157129770406, "fx": 3276.9157129770406}, {"id": 19, "img_name": "20240212_003940", "width": 3958, "height": 2968, "position": [2.9527084426720593, -0.48678513956439284, 3.7270360980710384], "rotation": [[-0.3321930987818647, 0.4168635478928226, -0.8460925053207308], [-0.3531701986516976, 0.7768047411522024, 0.5213877682759546], [0.8745962244979237, 0.4720160765923851, -0.11082539209183483]], "fy": 3276.9157129770406, "fx": 3276.9157129770406}, {"id": 20, "img_name": "20240212_003941", "width": 3958, "height": 2968, "position": [2.9901222834938883, -0.2536463444287765, 3.9581941944700896], "rotation": [[-0.36374191670199424, 0.35399036592081023, -0.8616162944543296], [-0.33097746199956624, 0.815503547529401, 0.47477140142945395], [0.8707156468573912, 0.45786983390720654, -0.17946999057085275]], "fy": 3276.9157129770406, "fx": 3276.9157129770406}, {"id": 21, "img_name": "20240212_003942", "width": 3958, "height": 2968, "position": [2.738940104499161, -0.3150949279662625, 4.266554867680163], "rotation": [[-0.4145840942122028, 0.3509603163932205, -0.8396111511547579], [-0.3158102541710742, 0.8098081915863825, 0.4944437037722237], [0.8534541066669308, 0.4701463061183864, -0.22489672887035886]], "fy": 3276.9157129770406, "fx": 3276.9157129770406}, {"id": 22, "img_name": "20240212_003944", "width": 3958, "height": 2968, "position": [2.2706524323234945, -0.43039018300404086, 4.572401135357054], "rotation": [[-0.5475947588719363, 0.3749900328381375, -0.7480123363474949], [-0.27156717157771476, 0.7659171042634698, 0.5827711907069031], [0.7914488305489278, 0.5222580441397854, -0.317577209437359]], "fy": 3276.9157129770406, "fx": 3276.9157129770406}, {"id": 23, "img_name": "20240212_003945", "width": 3958, "height": 2968, "position": [1.9556854332120568, -0.3695326339764782, 4.721878122691837], "rotation": [[-0.6113935188832699, 0.3894803699169687, -0.6888417862737954], [-0.22295680584394273, 0.7504398612692899, 0.6221979406475043], [0.7592682186127633, 0.5339897527738431, -0.3719767682760994]], "fy": 3276.9157129770406, "fx": 3276.9157129770406}, {"id": 24, "img_name": "20240212_003946", "width": 3958, "height": 2968, "position": [2.3130786785997124, -0.20465473554715236, 4.079235308392618], "rotation": [[-0.5476351047880254, 0.38358163553447194, -0.7436134216678101], [-0.24585130575427966, 0.7757298511120262, 0.5812059304176356], [0.7997830502472058, 0.5011071013011223, -0.3305128523414216]], "fy": 3276.9157129770406, "fx": 3276.9157129770406}, {"id": 25, "img_name": "20240212_003947", "width": 3958, "height": 2968, "position": [2.676930586065954, -0.3675031509610461, 2.8635036910998135], "rotation": [[-0.29111742465529383, 0.47927566765165724, -0.827976738477071], [-0.31605041489487384, 0.7686907591478601, 0.556081515648079], [0.9029744073376875, 0.42356741045286384, -0.0723040005491239]], "fy": 3276.9157129770406, "fx": 3276.9157129770406}, {"id": 26, "img_name": "20240212_003949", "width": 3958, "height": 2968, "position": [2.8897831378065395, -0.5038990732419684, 1.0630672700536274], "rotation": [[0.24796868881532033, 0.6012011421919516, -0.7596503906365766], [-0.3906876491851951, 0.7796070228443877, 0.4894650658687056], [0.8864957361100821, 0.1754140147160522, 0.4281999921763661]], "fy": 3276.9157129770406, "fx": 3276.9157129770406}, {"id": 27, "img_name": "20240212_003950", "width": 3958, "height": 2968, "position": [2.4574080093115613, -0.21634956279163134, 0.44340674829136456], "rotation": [[0.5019305622004525, 0.5459097198721122, -0.6708563843910929], [-0.34911043628297467, 0.8375220283331969, 0.4203317205909623], [0.791320171616678, 0.023225628211088173, 0.6109606830122142]], "fy": 3276.9157129770406, "fx": 3276.9157129770406}, {"id": 28, "img_name": "20240212_003952", "width": 3958, "height": 2968, "position": [1.437193815246077, 0.40406027659299004, -0.6316992881129461], "rotation": [[0.8289938419376167, 0.3398151954519887, -0.444178841199619], [-0.25269332914390386, 0.936127925832777, 0.24456203278962385], [0.4989141122835476, -0.09049938903633045, 0.8619133188136555]], "fy": 3276.9157129770406, "fx": 3276.9157129770406}, {"id": 29, "img_name": "20240212_003953", "width": 3958, "height": 2968, "position": [1.031670825669676, -0.2703731711696764, -1.5020552329744026], "rotation": [[0.8970517213176222, 0.258190400057371, -0.35865850972659996], [-0.20462960315456794, 0.9620109665276481, 0.18072527712897365], [0.3916949511978613, -0.08872777242078723, 0.9158069925521153]], "fy": 3276.9157129770406, "fx": 3276.9157129770406}, {"id": 30, "img_name": "20240212_003954", "width": 3958, "height": 2968, "position": [0.4357709740384144, -0.45323245008465307, -1.0524254420260273], "rotation": [[0.9362743073844185, 0.1892535657842228, -0.29592821624472443], [-0.1505662989169323, 0.9773565416734874, 0.14867407332315186], [0.3173644765286192, -0.09464289876159647, 0.9435690280799375]], "fy": 3276.9157129770406, "fx": 3276.9157129770406}, {"id": 31, "img_name": "20240212_003955", "width": 3958, "height": 2968, "position": [-0.39430786929608674, 0.3572832817412648, -1.2425213015668248], "rotation": [[0.9908951903548034, 0.044074637447779966, -0.12721693309290535], [-0.03828457000714265, 0.9981322245922807, 0.047606238349957516], [0.12907754812935596, -0.04230234703076798, 0.9907317992295405]], "fy": 3276.9157129770406, "fx": 3276.9157129770406}, {"id": 32, "img_name": "20240212_003956", "width": 3958, "height": 2968, "position": [-1.000417489825478, 0.6774015577988027, -0.9202577232551182], "rotation": [[0.9991852404218835, -0.021195246354885216, 0.03434555073104263], [0.018663535963203637, 0.9971990678179408, 0.07242714662597394], [-0.03578446238820841, -0.07172712649329993, 0.9967821685687406]], "fy": 3276.9157129770406, "fx": 3276.9157129770406}, {"id": 33, "img_name": "20240212_003957", "width": 3958, "height": 2968, "position": [-1.6322162410624137, 1.2778787223532222, -0.8171589712522832], "rotation": [[0.9760750037546337, -0.0693386457287519, 0.20608187512222997], [0.0760330763101333, 0.99679846327807, -0.024734488337045644], [-0.20370704050721763, 0.03981175473375464, 0.9782220943286908]], "fy": 3276.9157129770406, "fx": 3276.9157129770406}, {"id": 34, "img_name": "20240212_003958", "width": 3958, "height": 2968, "position": [-1.7151747979336553, 1.8887700439180577, 0.10706529375885057], "rotation": [[0.9355811737494931, -0.08488714903235979, 0.34275653057918304], [0.10645681923255315, 0.9933175858121068, -0.04457711694687557], [-0.33668206510654536, 0.07819428141217145, 0.9383660487198086]], "fy": 3276.9157129770406, "fx": 3276.9157129770406}, {"id": 35, "img_name": "20240212_004000", "width": 3958, "height": 2968, "position": [-2.111329332384527, 1.8567460665043167, 0.47217528321525776], "rotation": [[0.8990799722228788, -0.11406710381618622, 0.42266286727685803], [0.16656315453726991, 0.9819790974529196, -0.08929595576588548], [-0.40486036987867935, 0.15068426590900866, 0.9018771163019728]], "fy": 3276.9157129770406, "fx": 3276.9157129770406}, {"id": 36, "img_name": "20240212_004001", "width": 3958, "height": 2968, "position": [-2.740126135308372, 1.6673515296416352, 1.003484908102441], "rotation": [[0.8368192374534823, -0.1585717733488774, 0.5240119812797839], [0.19165562829718158, 0.9814202765232082, -0.009075294547407787], [-0.5128368980190338, 0.10802422657025547, 0.8516625402729143]], "fy": 3276.9157129770406, "fx": 3276.9157129770406}, {"id": 37, "img_name": "20240212_004002", "width": 3958, "height": 2968, "position": [-3.0124415619906943, 1.5740031257768938, 1.2014546214992528], "rotation": [[0.7856524583092751, -0.23297119896489116, 0.5731270672420329], [0.2637921662914161, 0.9641038672893654, 0.03028904225907148], [-0.5596104964668502, 0.12738977011734895, 0.8189065506598262]], "fy": 3276.9157129770406, "fx": 3276.9157129770406}, {"id": 38, "img_name": "20240212_004003", "width": 3958, "height": 2968, "position": [-3.713359342238858, 1.163970972020215, 1.6176044210684803], "rotation": [[0.6623430484086539, -0.2766920615124906, 0.6962350101228031], [0.36452990243898836, 0.9309034512596622, 0.02316710298399755], [-0.6545377272950379, 0.23845391070145527, 0.7174399598702522]], "fy": 3276.9157129770406, "fx": 3276.9157129770406}, {"id": 39, "img_name": "20240212_004005", "width": 3958, "height": 2968, "position": [-4.14079731575229, 0.7247776925211061, 1.9467663202398708], "rotation": [[0.5186425075222052, -0.30541965693640405, 0.798579227470843], [0.39903468145484056, 0.9125237797976805, 0.089842497182504], [-0.7561621997873954, 0.27206466962949, 0.5951466568435745]], "fy": 3276.9157129770406, "fx": 3276.9157129770406}, {"id": 40, "img_name": "20240212_004006", "width": 3958, "height": 2968, "position": [-3.9981874108809703, 0.29986340396582684, 1.2642739964274115], "rotation": [[0.5907895334136585, -0.32687648273258163, 0.7376445568464853], [0.44025037687907437, 0.8967575615447115, 0.04478260231625514], [-0.6761267136171331, 0.2982912014269931, 0.6737024760860957]], "fy": 3276.9157129770406, "fx": 3276.9157129770406}, {"id": 41, "img_name": "20240212_004007", "width": 3958, "height": 2968, "position": [-4.005826705142743, -0.20040129243387972, 0.930279250544233], "rotation": [[0.5749045982845069, -0.3386066051522701, 0.7448692971378162], [0.4937019732621028, 0.8695148972714298, 0.014219881158461165], [-0.6524898960661657, 0.359568366754237, 0.6670588618414831]], "fy": 3276.9157129770406, "fx": 3276.9157129770406}, {"id": 42, "img_name": "20240212_004008", "width": 3958, "height": 2968, "position": [-4.081206987883723, 0.29946502639565475, 1.0922840804148233], "rotation": [[0.6150146226452168, -0.2413016297493387, 0.7506867105609868], [0.37669618094622237, 0.9262730472024384, -0.010873329151652142], [-0.6927171148406055, 0.2894680733805065, 0.6605688709743178]], "fy": 3276.9157129770406, "fx": 3276.9157129770406}, {"id": 43, "img_name": "20240212_004009", "width": 3958, "height": 2968, "position": [-4.200674566878518, 0.5221761209241781, 1.7014524940150855], "rotation": [[0.5301732299186462, -0.20397756580740667, 0.8229881523599931], [0.3639866414449633, 0.9313970737249376, -0.0036353687899180805], [-0.765787223141811, 0.301484068739806, 0.5680469040218825]], "fy": 3276.9157129770406, "fx": 3276.9157129770406}, {"id": 44, "img_name": "20240212_004010", "width": 3958, "height": 2968, "position": [-4.207528234330891, 0.5880270796392686, 2.278431268318697], "rotation": [[0.44990844880876835, -0.1879832208184115, 0.8730662611630483], [0.3650361881729337, 0.9309117083021773, 0.012327719582159757], [-0.8150650090726889, 0.3131544348027953, 0.48744572102817707]], "fy": 3276.9157129770406, "fx": 3276.9157129770406}, {"id": 45, "img_name": "20240212_004011", "width": 3958, "height": 2968, "position": [-3.8604032645223096, 0.5616219937380941, 1.805803010328846], "rotation": [[0.5487645105494114, -0.20094514328796556, 0.8114669194430809], [0.35483534727313376, 0.9348905942923389, -0.008452989368973825], [-0.7569342034067551, 0.2925758467349901, 0.5843372190955187]], "fy": 3276.9157129770406, "fx": 3276.9157129770406}, {"id": 46, "img_name": "20240212_004012", "width": 3958, "height": 2968, "position": [-3.6621738908578574, 0.6549792461038014, 1.3815251441932859], "rotation": [[0.6235931918560954, -0.16085846519950076, 0.7650203168834065], [0.2975332859584265, 0.9537880797403195, -0.04197907445448296], [-0.7229145695153114, 0.2537968737375124, 0.6426365007245987]], "fy": 3276.9157129770406, "fx": 3276.9157129770406}, {"id": 47, "img_name": "20240212_004013", "width": 3958, "height": 2968, "position": [-3.414902017650248, 1.0261360822734271, 0.967456989422084], "rotation": [[0.7368499389128542, -0.10151126504944145, 0.6683918241512122], [0.2074345176780789, 0.9749215860410066, -0.08061527117705933], [-0.6434462591388543, 0.19804889330503736, 0.739427851423561]], "fy": 3276.9157129770406, "fx": 3276.9157129770406}, {"id": 48, "img_name": "20240212_004014", "width": 3958, "height": 2968, "position": [-3.4445386128933007, 1.5272301023906605, 1.2650214292221158], "rotation": [[0.7446045576390773, -0.073642491302131, 0.6634311088710942], [0.15849281284180555, 0.9849776204948812, -0.06855009410448706], [-0.6484165952692807, 0.15619177506852658, 0.7450906309841349]], "fy": 3276.9157129770406, "fx": 3276.9157129770406}, {"id": 49, "img_name": "20240212_004015", "width": 3958, "height": 2968, "position": [-3.5821140128246185, 1.517399099407489, 1.7587684628273519], "rotation": [[0.6485297069526959, -0.17197489890901213, 0.7415078241968089], [0.21912438495817213, 0.9750868043966285, 0.034499678379279], [-0.7289675734328335, 0.1401083796095221, 0.670056653460467]], "fy": 3276.9157129770406, "fx": 3276.9157129770406}, {"id": 50, "img_name": "20240212_004016", "width": 3958, "height": 2968, "position": [-3.998415982379579, 1.3125770970098931, 2.398674652917519], "rotation": [[0.5139115120859048, -0.17260356364905838, 0.8402993321199443], [0.29341941328296195, 0.9558346763405311, 0.016885479373543878], [-0.8061017340598279, 0.23788249477554552, 0.5418596801987587]], "fy": 3276.9157129770406, "fx": 3276.9157129770406}, {"id": 51, "img_name": "20240212_004017", "width": 3958, "height": 2968, "position": [-4.138434182823869, 1.277629793224531, 2.972150728926474], "rotation": [[0.42560618420840496, -0.17781083543013426, 0.8872669737836515], [0.3017332184522823, 0.9522770499474572, 0.04610298282969614], [-0.8531215862032727, 0.2480962050233854, 0.4589464371873974]], "fy": 3276.9157129770406, "fx": 3276.9157129770406}, {"id": 52, "img_name": "20240212_004018", "width": 3958, "height": 2968, "position": [-3.9526480183640427, 1.13762113544846, 3.621974859448922], "rotation": [[0.2625949139786024, -0.1524080559937735, 0.952793626983708], [0.3300785218244916, 0.9420624578870844, 0.05972013789253971], [-0.9066929362153038, 0.2988145075258966, 0.29768743592789876]], "fy": 3276.9157129770406, "fx": 3276.9157129770406}, {"id": 53, "img_name": "20240212_004020", "width": 3958, "height": 2968, "position": [-3.4722402870009983, 1.2006025476365505, 2.7591479514131723], "rotation": [[0.43309379638985634, -0.2049424417553683, 0.8777404850500911], [0.3310686060282597, 0.9419094719592452, 0.05656964500472708], [-0.8383455979672861, 0.26609235652457847, 0.4757851575743722]], "fy": 3276.9157129770406, "fx": 3276.9157129770406}, {"id": 54, "img_name": "20240212_004021", "width": 3958, "height": 2968, "position": [-3.1187503831307377, 1.541212679750152, 1.3938680404830064], "rotation": [[0.7120232590866785, -0.14786196478947322, 0.6864107501257404], [0.2088790068249567, 0.9779229900135717, -0.006015489234885506], [-0.6703673910829824, 0.14765996401026213, 0.7271891748376648]], "fy": 3276.9157129770406, "fx": 3276.9157129770406}, {"id": 55, "img_name": "20240212_004022", "width": 3958, "height": 2968, "position": [-2.706733470594313, 1.6703542679642707, 0.3233810643770919], "rotation": [[0.8867118351716886, -0.10813144987264613, 0.44949940034987296], [0.10885256179099652, 0.9937601419024269, 0.024328998286115042], [-0.4493253177353722, 0.027356350533430485, 0.892949264475591]], "fy": 3276.9157129770406, "fx": 3276.9157129770406}, {"id": 56, "img_name": "20240212_004023", "width": 3958, "height": 2968, "position": [-1.9912360001219407, 1.457793748655054, -0.613791115307663], "rotation": [[0.9667062799670298, 0.013834281804339352, 0.25551434581890814], [-0.004620893785492567, 0.9993184544210366, -0.03662340773567911], [-0.25584685968940407, 0.03422337359917531, 0.9661113523225787]], "fy": 3276.9157129770406, "fx": 3276.9157129770406}, {"id": 57, "img_name": "20240212_004024", "width": 3958, "height": 2968, "position": [-1.3572520226802813, 1.5281362125182056, -0.740849418925546], "rotation": [[0.9931045948082967, 0.06223790583362062, 0.09934639826432506], [-0.05822292121345442, 0.9973849842485438, -0.042816873320031666], [-0.1017514383977956, 0.03673739611046397, 0.9941312833378713]], "fy": 3276.9157129770406, "fx": 3276.9157129770406}, {"id": 58, "img_name": "20240212_004026", "width": 3958, "height": 2968, "position": [-1.2766673152790127, 0.6595731686397267, -1.4593747439092615], "rotation": [[0.9962871544377659, 0.07039975297003287, 0.049555834006274904], [-0.0700983238606597, 0.9975096173744342, -0.007796681180860162], [-0.04998130544738892, 0.004293952406380698, 0.9987409229016833]], "fy": 3276.9157129770406, "fx": 3276.9157129770406}, {"id": 59, "img_name": "20240212_004027", "width": 3958, "height": 2968, "position": [-1.0860933916774709, -0.23014606565391998, -0.981700258324417], "rotation": [[0.9966636484029213, 0.08046447480980334, -0.013676265782754105], [-0.07763329249950614, 0.9863160344001082, 0.14544329541416087], [0.025192138612355454, -0.1438963119014079, 0.9892720594322417]], "fy": 3276.9157129770406, "fx": 3276.9157129770406}, {"id": 60, "img_name": "20240212_004028", "width": 3958, "height": 2968, "position": [-0.6843991106582712, -1.0325938846760385, -0.5212607254892521], "rotation": [[0.9890272051323564, 0.1148435786058507, -0.09293083428594347], [-0.07707110991280217, 0.9377554936897592, 0.3386364984337698], [0.12603662771150484, -0.32775842705821867, 0.9363168170910068]], "fy": 3276.9157129770406, "fx": 3276.9157129770406}, {"id": 61, "img_name": "20240212_004032", "width": 3958, "height": 2968, "position": [-0.4769440787436384, -1.0512420938073945, -0.9519504260094329], "rotation": [[0.9833465063631353, 0.058002204164644224, -0.1722364442719929], [-0.007694019226214583, 0.9601413272610549, 0.279409079583192], [0.1815776706854756, -0.2734307517405875, 0.9445978898510276]], "fy": 3276.9157129770406, "fx": 3276.9157129770406}, {"id": 62, "img_name": "20240212_004035", "width": 3958, "height": 2968, "position": [-0.31362837642693386, -1.9813987639158834, -0.38839742277674594], "rotation": [[0.9660313701144778, 0.0812585639722573, -0.24531701477050305], [0.04152932584126667, 0.8881260160164279, 0.4577198867975451], [0.2550660836918827, -0.45235961961248733, 0.8545829787060653]], "fy": 3276.9157129770406, "fx": 3276.9157129770406}, {"id": 63, "img_name": "20240212_004036", "width": 3958, "height": 2968, "position": [-0.332684132334895, -2.3502339512702877, 0.12306818942514913], "rotation": [[0.9688443351407368, 0.047929665976674266, -0.24298847994312034], [0.10606334463410597, 0.8062877639679118, 0.5819369455539418], [0.22381068158318687, -0.5895784839993647, 0.7760837519329213]], "fy": 3276.9157129770406, "fx": 3276.9157129770406}, {"id": 64, "img_name": "20240212_004037", "width": 3958, "height": 2968, "position": [0.16667741572301023, -1.5210515680959353, -0.18760379612376019], "rotation": [[0.913790210577853, 0.3201112409872494, -0.2500324867805905], [-0.20096800889659377, 0.8912441252861802, 0.40656582313693057], [0.3529862751612613, -0.3212673381102948, 0.8787422756481583]], "fy": 3276.9157129770406, "fx": 3276.9157129770406}, {"id": 65, "img_name": "20240212_004039", "width": 3958, "height": 2968, "position": [0.9652278010173622, -1.6624010972889693, 0.19677153291892074], "rotation": [[0.6898250241765507, 0.5972097279068364, -0.4092456192963627], [-0.40274073541569566, 0.7862872687370717, 0.46856400956413674], [0.601615604897883, -0.15840729754477326, 0.7829213191808715]], "fy": 3276.9157129770406, "fx": 3276.9157129770406}, {"id": 66, "img_name": "20240212_004040", "width": 3958, "height": 2968, "position": [1.4504830746312232, -2.007775150722029, 0.800254604854418], "rotation": [[0.2934417482140102, 0.7349774153907196, -0.6113101825347611], [-0.44087601416536765, 0.6714427703153283, 0.5956449834632505], [0.8482454129193767, 0.09472489143226746, 0.5210632537460123]], "fy": 3276.9157129770406, "fx": 3276.9157129770406}, {"id": 67, "img_name": "20240212_004042", "width": 3958, "height": 2968, "position": [1.8893586565510514, -1.945828272874509, 1.5751786996936714], "rotation": [[0.06992729747859479, 0.7200866367371548, -0.6903516557957351], [-0.42337379543896914, 0.6480490433924895, 0.6330774571043272], [0.9032523470232126, 0.24800740503189062, 0.3501821306783168]], "fy": 3276.9157129770406, "fx": 3276.9157129770406}, {"id": 68, "img_name": "20240212_004047", "width": 3958, "height": 2968, "position": [1.5995494672103663, -1.457495134440455, 0.3914491538620437], "rotation": [[0.4160073335229768, 0.6158719338431798, -0.6690587863255101], [-0.40935707163610896, 0.7838127916869091, 0.4669735490255134], [0.8120127378044092, 0.07961952456675496, 0.5781834007917831]], "fy": 3276.9157129770406, "fx": 3276.9157129770406}, {"id": 69, "img_name": "20240212_004049", "width": 3958, "height": 2968, "position": [2.9200453915915503, -0.7181223939416167, -0.8773818361669221], "rotation": [[0.5706472662975927, 0.5279837690659189, -0.6289633034367195], [-0.39004145683543734, 0.8482683025049994, 0.3582018270681718], [0.7226543844859548, 0.040914869769232004, 0.6899975463833133]], "fy": 3276.9157129770406, "fx": 3276.9157129770406}, {"id": 70, "img_name": "20240212_004050", "width": 3958, "height": 2968, "position": [2.3654479612617814, -0.3339326738169763, -1.416640516573427], "rotation": [[0.7205191335326981, 0.4573229460398091, -0.5212560802894864], [-0.361298560405081, 0.8891915473073344, 0.2807164805393591], [0.5918745884581511, -0.013932523915580655, 0.8059096452548736]], "fy": 3276.9157129770406, "fx": 3276.9157129770406}, {"id": 71, "img_name": "20240212_004051", "width": 3958, "height": 2968, "position": [1.2396524177331252, 0.03457958930636886, -1.9661803714127113], "rotation": [[0.886031204131101, 0.28946150200623827, -0.36216121294567666], [-0.2364647472381001, 0.9540540659311518, 0.18402516837068486], [0.3987895793769098, -0.07741368184326329, 0.9137691137502172]], "fy": 3276.9157129770406, "fx": 3276.9157129770406}, {"id": 72, "img_name": "20240212_004053", "width": 3958, "height": 2968, "position": [-0.27812958256855513, 0.30546939580464855, -2.1469760721427016], "rotation": [[0.9553937221259542, 0.13486624082660117, -0.2627430927876438], [-0.10214486036311424, 0.9856342454349257, 0.1345048762213642], [0.27710875703181065, -0.10166725781305325, 0.9554446637378112]], "fy": 3276.9157129770406, "fx": 3276.9157129770406}, {"id": 73, "img_name": "20240212_004056", "width": 3958, "height": 2968, "position": [-3.4369106615575324, 0.7900426257371818, -1.9472126325231693], "rotation": [[0.9298491492468961, -0.23179948791052082, 0.285743866162064], [0.22486431154863443, 0.9727020171899595, 0.05733085684290845], [-0.29123289827315507, 0.010944549282803627, 0.9565895754211489]], "fy": 3276.9157129770406, "fx": 3276.9157129770406}, {"id": 74, "img_name": "20240212_004059", "width": 3958, "height": 2968, "position": [-1.0221211091968543, 0.9605169737423652, -3.33546284657462], "rotation": [[0.9999898973168125, -0.00036798263852229086, -0.004479938960350872], [0.0003555627844780793, 0.9999960925492282, -0.0027728074909659905], [0.004480941800226563, 0.0027711865785993352, 0.9999861207464478]], "fy": 3276.9157129770406, "fx": 3276.9157129770406}, {"id": 75, "img_name": "20240212_004100", "width": 3958, "height": 2968, "position": [-2.293277119077955, 0.986629309517265, -3.117259571159763], "rotation": [[0.9813350391660537, -0.10711690705829525, 0.15971070448540547], [0.10807235654627592, 0.9941393179538542, 0.0027170294035757966], [-0.15906573061314808, 0.014593996043230282, 0.9871601230924978]], "fy": 3276.9157129770406, "fx": 3276.9157129770406}, {"id": 76, "img_name": "20240212_004101", "width": 3958, "height": 2968, "position": [-3.648274747872921, 0.8855408216005077, -2.3939204694556246], "rotation": [[0.922562650126803, -0.09194555718182315, 0.37473213247002735], [0.11460666801278314, 0.992661117884904, -0.03859037038563448], [-0.36843380441813117, 0.07854883547206054, 0.9263296455409192]], "fy": 3276.9157129770406, "fx": 3276.9157129770406}, {"id": 77, "img_name": "20240212_004102", "width": 3958, "height": 2968, "position": [-4.238997358027099, 0.22435368714476533, -1.3984142890562385], "rotation": [[0.7437747688080646, -0.3159309034500332, 0.5890558186876315], [0.3412371545066418, 0.9372307035231184, 0.07180398845308571], [-0.5747662983062946, 0.14760173650335698, 0.8048959123467287]], "fy": 3276.9157129770406, "fx": 3276.9157129770406}, {"id": 78, "img_name": "20240212_004104", "width": 3958, "height": 2968, "position": [-4.741644838092103, 0.17182089137520357, -0.8764597155498267], "rotation": [[0.679199174767957, -0.3125731980924442, 0.6640681266472497], [0.3638111840003945, 0.9291837482768359, 0.06526089437358988], [-0.6374401174939942, 0.1972702658092988, 0.7448184603222261]], "fy": 3276.9157129770406, "fx": 3276.9157129770406}, {"id": 79, "img_name": "20240212_004106", "width": 3958, "height": 2968, "position": [-3.141324458169087, 0.9470421818990493, -2.335428005212625], "rotation": [[0.8925344864806661, -0.16963286454130913, 0.4178598828676948], [0.19898875631429136, 0.9796200481068638, -0.027350250594787566], [-0.4047044172024631, 0.1075604602752143, 0.9080997093283306]], "fy": 3276.9157129770406, "fx": 3276.9157129770406}, {"id": 80, "img_name": "20240212_004107", "width": 3958, "height": 2968, "position": [-2.2632096148068204, 1.1380299598690502, -2.9994002326439113], "rotation": [[0.9865519987128774, -0.010576244796284925, 0.163105171228983], [0.01864279750974959, 0.9986730985135138, -0.048005087297368784], [-0.1623810331801017, 0.05040025150162031, 0.98544011218944]], "fy": 3276.9157129770406, "fx": 3276.9157129770406}, {"id": 81, "img_name": "20240212_004108", "width": 3958, "height": 2968, "position": [-0.5108603988982247, 0.9810093790476643, -3.3304725955837005], "rotation": [[0.9922879923612392, 0.057776141835077025, -0.1096652071094302], [-0.06092602417016219, 0.9978142027999217, -0.025589768845643943], [0.10794702309243165, 0.0320738854118072, 0.9936391226597673]], "fy": 3276.9157129770406, "fx": 3276.9157129770406}, {"id": 82, "img_name": "20240212_004111", "width": 3958, "height": 2968, "position": [0.3902707052549686, 0.43173399262563106, -3.250075238765259], "rotation": [[0.9611022363593085, 0.21826781793044117, -0.169238443980734], [-0.20451897267385763, 0.9742395363741548, 0.09502271087430533], [0.18561918295684351, -0.05671406722635687, 0.9809837070497543]], "fy": 3276.9157129770406, "fx": 3276.9157129770406}, {"id": 83, "img_name": "20240212_004113", "width": 3958, "height": 2968, "position": [1.5624231740306944, -0.2512785197809055, -2.5841716626003017], "rotation": [[0.8692825177119042, 0.39452296608185294, -0.29782466928451407], [-0.347888932897468, 0.916302582562218, 0.19840077509241427], [0.3511711758785366, -0.06885641890039625, 0.9337759896293646]], "fy": 3276.9157129770406, "fx": 3276.9157129770406}, {"id": 84, "img_name": "20240212_004114", "width": 3958, "height": 2968, "position": [2.1868451278710723, -0.7958407410617626, -2.1804096823590697], "rotation": [[0.77349676646691, 0.46439212146056985, -0.4313266856926266], [-0.39171153489317817, 0.8852781506616165, 0.250688391021161], [0.49826180437282663, -0.024951021752614197, 0.8666675376501854]], "fy": 3276.9157129770406, "fx": 3276.9157129770406}, {"id": 85, "img_name": "20240212_004115", "width": 3958, "height": 2968, "position": [2.746012637195443, -1.0837730365364107, -2.035704156760586], "rotation": [[0.6493745824661397, 0.5471971590199006, -0.528098400686346], [-0.4186113799162999, 0.8369671079148508, 0.3524919472459217], [0.63488358322727, -0.007831310822594608, 0.7725681240636986]], "fy": 3276.9157129770406, "fx": 3276.9157129770406}, {"id": 86, "img_name": "20240212_004118", "width": 3958, "height": 2968, "position": [3.6791556894567186, -1.707741298951285, -1.103771948648714], "rotation": [[0.4776529521061942, 0.5656645692134529, -0.6722136955468822], [-0.3996435485996272, 0.8212927607935359, 0.40714031381187177], [0.7823890920807466, 0.07417409389194256, 0.6183571074940224]], "fy": 3276.9157129770406, "fx": 3276.9157129770406}, {"id": 87, "img_name": "20240212_004119", "width": 3958, "height": 2968, "position": [4.209670063087398, -2.6021471436092036, -0.026689212779997567], "rotation": [[0.1437677652782836, 0.6810860628498837, -0.7179502800741376], [-0.47208184584125307, 0.6848191712781189, 0.5551228994349504], [0.8697525857932267, 0.2591225147330792, 0.41998328760130604]], "fy": 3276.9157129770406, "fx": 3276.9157129770406}, {"id": 88, "img_name": "20240212_004121", "width": 3958, "height": 2968, "position": [3.7313619427494173, -3.2577628568002415, 1.3935074722687515], "rotation": [[-0.14671502505297682, 0.7135220899473309, -0.6850992107577538], [-0.4097261130613805, 0.5865510644999453, 0.6986289150969875], [0.900332834955672, 0.3832023954663825, 0.20629277837459298]], "fy": 3276.9157129770406, "fx": 3276.9157129770406}, {"id": 89, "img_name": "20240212_004123", "width": 3958, "height": 2968, "position": [3.2264052652516924, -3.715298533247115, 2.3613826291325077], "rotation": [[-0.368438541162276, 0.6788274879580484, -0.6351742146677396], [-0.39489438095821083, 0.5042562209942602, 0.76797401744865], [0.8416124222430686, 0.5337779549411477, 0.08227773419948325]], "fy": 3276.9157129770406, "fx": 3276.9157129770406}, {"id": 90, "img_name": "20240212_004124", "width": 3958, "height": 2968, "position": [3.613037115659465, -3.1282757802864176, 1.5498480161312616], "rotation": [[-0.21733949127267846, 0.6849634955164097, -0.6954053173101814], [-0.3903354153523271, 0.5920005274942003, 0.7051054098277185], [0.8946517808930239, 0.42468857443605645, 0.138700417044833]], "fy": 3276.9157129770406, "fx": 3276.9157129770406}, {"id": 91, "img_name": "20240212_004126", "width": 3958, "height": 2968, "position": [3.8692283014111193, -2.3695378449156435, 0.46563191410224986], "rotation": [[0.15247267194249914, 0.6603363650453424, -0.735328477151143], [-0.3967694584476534, 0.7223354087010498, 0.5663969934417405], [0.9051663278944211, 0.20539581869013637, 0.37213771175565874]], "fy": 3276.9157129770406, "fx": 3276.9157129770406}, {"id": 92, "img_name": "20240212_004127", "width": 3958, "height": 2968, "position": [3.6770972033825555, -1.595234808957444, -0.6770639557420669], "rotation": [[0.46250511230573077, 0.5366768708852289, -0.7057385899523299], [-0.3525629718119207, 0.8416765525679724, 0.40899869408647277], [0.8135037627437317, 0.05965330765458663, 0.5784921009725692]], "fy": 3276.9157129770406, "fx": 3276.9157129770406}, {"id": 93, "img_name": "20240212_004133", "width": 3958, "height": 2968, "position": [-1.6441854507241733, 3.4360089320997296, -2.4908336427832034], "rotation": [[0.9959380279145967, 0.028506272362717137, 0.08540981787573504], [0.005539427254518937, 0.9273675504169019, -0.37411060019658204], [-0.08987079224795745, 0.37306409485467434, 0.923442700892149]], "fy": 3276.9157129770406, "fx": 3276.9157129770406}, {"id": 94, "img_name": "20240212_004135", "width": 3958, "height": 2968, "position": [-0.43158853512383477, 3.0787155674253306, -2.1186665648221634], "rotation": [[0.9948791112583362, 0.09330563038061376, -0.038853742691013125], [-0.10089892806801568, 0.9393479045753202, -0.327787919979795], [0.005912723276846888, 0.3300296554996707, 0.9439520465543894]], "fy": 3276.9157129770406, "fx": 3276.9157129770406}, {"id": 95, "img_name": "20240212_004137", "width": 3958, "height": 2968, "position": [1.150556726173401, 2.9668843625891226, -2.110944836269358], "rotation": [[0.9330157416720325, 0.14689404319982738, -0.328487086298068], [-0.24506463136015702, 0.927845916315952, -0.2811499280315071], [0.2634861519102995, 0.3428178753335633, 0.9016933803146634]], "fy": 3276.9157129770406, "fx": 3276.9157129770406}, {"id": 96, "img_name": "20240212_004138", "width": 3958, "height": 2968, "position": [2.208611431754292, 2.549527239231362, -1.4980637545383564], "rotation": [[0.8769830436827077, 0.10132698509592224, -0.46971649234871965], [-0.2512425729167049, 0.9299454868604923, -0.2684745072106408], [0.40960701977286507, 0.3534603705639048, 0.8410040759673041]], "fy": 3276.9157129770406, "fx": 3276.9157129770406}]